20 40
0000000100010000000100000000010000000001
0101110101011101110101111111011111110101
0100013101010001000100010001210000010101
0111010101010111011111010101110111010111
0001010001010100010000010100000001010001
1101011111010111110111110111111101011101
0001010001010100010001000000000101000001
0111010101010101011101111111111101111101
0100010100000101000100010000010001000101
0101110111111101011111010111010111010111
0101010101000001000000010100010000010001
1101010101011111111111110101111101111101
0001010101010000000000000100000101010001
0111010101011111110111011111110101010111
0100000001000100010100010000010100010001
0111111111110101011101111101010111111101
0000010000010001000001000001010000000101
0111010111011111111111010111111111110101
0001000001000000000000010000000000000001
1111111111111111111111111111111111111111
